1 4 7 10 13 16 19 22 25 28 31 34 37 40 43 46 49 52 55 58 61 64 67 70 73 76 79 82 85 88 91 94 97 100 103 106 109 112 115 118 121 124 127 
1 4 7 10 13 16 19 22 25 28 31 34 37 40 44 46 49 52 55 58 61 64 67 70 73 77 79 82 85 88 91 94 97 100 103 106 109 112 115 118 121 124 127 
1 4 7 10 13 16 19 23 25 28 31 34 37 40 44 46 49 52 55 58 61 64 67 70 73 76 79 82 85 88 91 94 97 100 103 106 109 112 115 118 121 124 127 
1 4 7 10 13 16 19 22 25 28 31 34 37 40 44 46 49 52 55 58 61 64 67 70 73 76 79 82 85 88 91 95 97 100 103 106 109 112 115 118 121 124 127 
1 5 7 10 13 16 19 22 25 28 31 34 37 40 44 46 49 52 55 58 61 64 67 70 73 76 79 82 85 88 91 94 97 100 103 106 109 112 115 118 121 124 127 
1 4 7 10 13 16 19 22 25 28 31 34 37 40 44 46 49 52 55 58 61 64 67 70 73 76 79 82 85 88 91 94 97 100 103 106 109 113 115 118 121 124 127 
2 4 7 10 13 16 19 24 25 28 31 34 37 41 44 46 49 52 55 58 61 64 67 70 73 76 79 82 85 88 91 94 97 100 103 106 109 112 115 118 121 124 127 
1 4 7 10 13 16 19 24 25 28 31 34 37 42 44 46 49 52 55 58 61 64 67 70 73 77 79 82 85 88 91 94 97 100 103 106 109 112 115 118 121 124 127 
1 4 7 10 13 16 19 24 26 28 31 34 37 42 44 46 49 52 55 58 61 64 67 70 73 76 79 82 85 88 91 94 97 100 103 106 109 112 115 118 121 124 127 
1 4 7 10 13 16 19 24 25 28 31 34 37 42 44 46 49 52 55 58 61 64 67 70 73 76 79 82 85 88 91 95 97 100 103 106 109 112 115 118 121 124 127 
1 5 7 10 13 16 19 24 25 28 31 34 37 42 44 46 49 52 55 58 61 64 67 70 73 76 79 82 85 88 91 94 97 100 103 106 109 112 115 118 121 124 127 
1 4 7 10 13 16 19 24 25 28 31 34 37 42 44 46 49 52 55 58 61 64 67 70 73 76 79 82 85 88 91 94 97 100 103 106 109 113 115 118 121 124 127 
1 6 7 10 13 16 19 22 25 28 31 34 37 41 44 46 49 52 55 58 61 64 67 70 73 76 79 82 85 88 91 94 97 100 103 106 109 112 115 118 121 124 127 
1 6 7 10 13 16 19 22 25 28 31 34 37 42 44 46 49 52 55 58 61 64 67 70 73 77 79 82 85 88 91 94 97 100 103 106 109 112 115 118 121 124 127 
3 6 7 10 13 16 19 23 25 28 31 34 37 42 44 46 49 52 55 58 61 64 67 70 73 76 79 82 85 88 91 94 97 100 103 106 109 112 115 118 121 124 127 
1 6 7 10 13 16 19 22 25 28 31 34 37 42 44 46 49 52 55 58 61 64 67 70 73 76 79 82 85 88 91 95 97 100 103 106 109 112 115 118 121 124 127 
1 6 8 10 13 16 19 22 25 28 31 34 37 42 44 46 49 52 55 58 61 64 67 70 73 76 79 82 85 88 91 94 97 100 103 106 109 112 115 118 121 124 127 
1 6 7 10 13 16 19 22 25 28 31 34 37 42 44 46 49 52 55 58 61 64 67 70 73 76 79 82 85 88 91 94 97 100 103 106 109 113 115 118 121 124 127 
3 4 7 10 13 16 19 22 25 28 31 34 37 41 43 46 49 52 55 58 61 64 67 70 74 76 79 82 85 88 91 94 97 100 103 106 109 112 115 118 121 124 127 
1 4 7 10 13 16 19 22 25 28 31 34 37 41 44 46 49 52 55 58 61 64 67 70 74 77 79 82 85 88 91 94 97 100 103 106 109 112 115 118 121 124 127 