42 73 44 127 124 121 118 115 109 106 103 100 97 91 88 85 82 79 70 67 64 61 58 55 52 49 46 37 34 31 28 19 16 13 10 (10)
76 1 73 44 25 7 127 124 121 118 115 109 106 103 100 97 91 88 85 82 79 70 67 64 61 58 55 52 49 46 37 34 31 28 19 16 13 10 (10)
112 1 73 44 25 7 127 124 121 118 115 109 106 103 100 97 91 88 85 82 79 70 67 64 61 58 55 52 49 46 37 34 31 28 19 16 13 10 (10)
22 1 73 25 127 124 121 118 115 109 106 103 100 97 91 88 85 82 79 70 67 64 61 58 55 52 49 46 37 34 31 28 19 16 13 10 (10)
22 1 44 25 127 124 121 118 115 109 106 103 100 97 91 88 85 82 79 70 67 64 61 58 55 52 49 46 37 34 31 28 19 16 13 10 (10)
22 1 25 7 127 124 121 118 115 109 106 103 100 97 91 88 85 82 79 70 67 64 61 58 55 52 49 46 37 34 31 28 19 16 13 10 (10)
76 112 1 73 127 124 121 118 115 109 106 103 100 97 91 88 85 82 79 70 67 64 61 58 55 52 49 46 37 34 31 28 19 16 13 10 (10)
4 112 7 127 124 121 118 115 109 106 103 100 97 91 88 85 82 79 70 67 64 61 58 55 52 49 46 37 34 31 28 19 16 13 10 (10)
4 1 7 127 124 121 118 115 109 106 103 100 97 91 88 85 82 79 70 67 64 61 58 55 52 49 46 37 34 31 28 19 16 13 10 (10)
4 73 7 127 124 121 118 115 109 106 103 100 97 91 88 85 82 79 70 67 64 61 58 55 52 49 46 37 34 31 28 19 16 13 10 (10)
4 44 7 127 124 121 118 115 109 106 103 100 97 91 88 85 82 79 70 67 64 61 58 55 52 49 46 37 34 31 28 19 16 13 10 (10)
4 25 7 127 124 121 118 115 109 106 103 100 97 91 88 85 82 79 70 67 64 61 58 55 52 49 46 37 34 31 28 19 16 13 10 (11)
76 112 73 25 7 127 124 121 118 115 109 106 103 100 97 91 88 85 82 79 70 67 64 61 58 55 52 49 46 37 34 31 28 19 16 13 10 (10)
76 112 73 44 7 127 124 121 118 115 109 106 103 100 97 91 88 85 82 79 70 67 64 61 58 55 52 49 46 37 34 31 28 19 16 13 10 (10)
22 112 25 127 124 121 118 115 109 106 103 100 97 91 88 85 82 79 70 67 64 61 58 55 52 49 46 37 34 31 28 19 16 13 10 (10)
76 112 73 44 25 127 124 121 118 115 109 106 103 100 97 91 88 85 82 79 70 67 64 61 58 55 52 49 46 37 34 31 28 19 16 13 10 (10)
76 94 73 44 25 127 124 121 118 115 109 106 103 100 97 91 88 85 82 79 70 67 64 61 58 55 52 49 46 37 34 31 28 19 16 13 10 (10)
76 94 73 25 7 127 124 121 118 115 109 106 103 100 97 91 88 85 82 79 70 67 64 61 58 55 52 49 46 37 34 31 28 19 16 13 10 (10)
76 94 73 44 7 127 124 121 118 115 109 106 103 100 97 91 88 85 82 79 70 67 64 61 58 55 52 49 46 37 34 31 28 19 16 13 10 (10)
4 94 7 127 124 121 118 115 109 106 103 100 97 91 88 85 82 79 70 67 64 61 58 55 52 49 46 37 34 31 28 19 16 13 10 (10)
112 94 44 25 7 127 124 121 118 115 109 106 103 100 97 91 88 85 82 79 70 67 64 61 58 55 52 49 46 37 34 31 28 19 16 13 10 (10)
76 112 94 127 124 121 118 115 109 106 103 100 97 91 88 85 82 79 70 67 64 61 58 55 52 49 46 37 34 31 28 19 16 13 10 (10)
112 94 73 44 25 127 124 121 118 115 109 106 103 100 97 91 88 85 82 79 70 67 64 61 58 55 52 49 46 37 34 31 28 19 16 13 10 (10)
112 94 73 25 7 127 124 121 118 115 109 106 103 100 97 91 88 85 82 79 70 67 64 61 58 55 52 49 46 37 34 31 28 19 16 13 10 (10)
112 94 73 44 7 127 124 121 118 115 109 106 103 100 97 91 88 85 82 79 70 67 64 61 58 55 52 49 46 37 34 31 28 19 16 13 10 (10)
22 94 25 127 124 121 118 115 109 106 103 100 97 91 88 85 82 79 70 67 64 61 58 55 52 49 46 37 34 31 28 19 16 13 10 (10)
112 94 1 25 127 124 121 118 115 109 106 103 100 97 91 88 85 82 79 70 67 64 61 58 55 52 49 46 37 34 31 28 19 16 13 10 (10)
112 94 1 44 127 124 121 118 115 109 106 103 100 97 91 88 85 82 79 70 67 64 61 58 55 52 49 46 37 34 31 28 19 16 13 10 (10)
112 94 1 7 127 124 121 118 115 109 106 103 100 97 91 88 85 82 79 70 67 64 61 58 55 52 49 46 37 34 31 28 19 16 13 10 (10)
76 94 1 73 127 124 121 118 115 109 106 103 100 97 91 88 85 82 79 70 67 64 61 58 55 52 49 46 37 34 31 28 19 16 13 10 (10)
112 94 1 73 127 124 121 118 115 109 106 103 100 97 91 88 85 82 79 70 67 64 61 58 55 52 49 46 37 34 31 28 19 16 13 10 (10)
94 1 73 44 25 7 127 124 121 118 115 109 106 103 100 97 91 88 85 82 79 70 67 64 61 58 55 52 49 46 37 34 31 28 19 16 13 10 (10)
